# Copyright 2016 Dominique Revuz <dr@univ-mlv.fr>
author=Dominique Revuz 
name=tabledemult.pl
title= Une table de multiplication
give=repetition  # N'oubliez pas de remplir ce champs svp
template=/python/exemple/autogradertemplate
text==

Ok votre neveu à 6 ans et veut apprendre ces tables de multiplication (drole d'idée).
Pour l'aider imprimez lui une table de multiplication de la forme suivante :

	 \ | 1| 2| 3| 4| 5| 6| 7| 8| 9|10|
	   +  +  +  +  +  +  +  +  +  +  +
	 1 | 1| 2| 3| 4| 5| 6| 7| 8| 9|10|
	 2 | 2| 4| 6| 8|10|12|14|16|18|20|

	
	 9 | 9|18|27|36|45|54|63|72|81|90|

Le nombre d'espace est indifférent, vous pouvez choisir ce qui vous plait le plus.
N'oublier pas l'anti-slash de la première ligne (appelée aussi barre oblique inversé, contre oblique, backslash, antislash).

==

# Choisir pltest ou soluce ou expectedoutput

expectedoutput==
 \ | 1| 2| 3| 4| 5| 6| 7| 8| 9|10|
   +  +  +  +  +  +  +  +  +  +  +
 1 | 1| 2| 3| 4| 5| 6| 7| 8| 9|10|
 2 | 2| 4| 6| 8|10|12|14|16|18|20|
 3 | 3| 6| 9|12|15|18|21|24|27|30|
 4 | 4| 8|12|16|20|24|28|32|36|40|
 5 | 5|10|15|20|25|30|35|40|45|50|
 6 | 6|12|18|24|30|36|42|48|54|60|
 7 | 7|14|21|28|35|42|49|56|63|70|
 8 | 8|16|24|32|40|48|56|64|72|80|
 9 | 9|18|27|36|45|54|63|72|81|90|
==
